5.235256
-1.174956
-1.777294
1.023841
-2.632349
1.623164
1.637689
-0.591197
-2.800684
3.057757
1.697830
2.455522
1.076913
-0.524012
-6.363974
0.969809
3.810424
4.530274
-4.968644
1.913184
-2.330390
0.164164
-2.387021
3.158645
0.919710
-0.973849
-2.389870
-2.042405
0.058978
7.268077
-3.773073
-2.982525
1.168723
-0.312927
1.082491
0.032539
0.514455
2.655968
2.895935
1.534033
2.673816
0.747895
-2.072211
-0.142972
2.583997
3.069682
1.943933
-1.724783
-1.757570
0.321507
-5.205881
0.352630
-3.638599
3.812552
1.081019
-4.376273
-3.758600
-3.118179
2.055818
1.354184
4.191807
1.429722
-1.149925
0.526858
2.547815
-0.076690
2.220872
2.464803
-1.027791
2.277589
3.076369
-0.153328
-0.262243
0.425706
-1.750813
-5.290952
-7.203071
-0.089350
6.586032
2.115105
2.105026
-0.336967
0.205477
1.567004
-0.189788
1.216555
-1.417407
-2.838586
-2.064805
1.440755
0.850756
1.768047
-2.618141
-2.259479
-1.001698
3.601468
-1.118049
-3.417288
-4.992846
-5.607448
-2.357409
3.048438
1.410619
1.022825
-2.139562
-9.009882
1.657278
-2.328006
0.903234
0.361294
3.341874
-1.633227
2.549766
-5.502554
0.781964
3.445622
-2.172539
2.869087
-0.921739
-0.515284
3.867115
-5.240479
1.864254
-2.120735
2.749052
0.430074
-0.109053
-2.310449
-0.732528
-0.326946
2.216661
3.668076
0.281242
-0.069826
-4.906822
-4.599288
7.436851
4.349590
-0.126633
-5.483103
-4.494884
-4.580554
6.024437
4.671282
2.246949
-2.952092
-6.135172
-0.012421
2.930708
5.721307
3.902454
-1.029380
0.054811
0.726038
0.292579
-0.205173
0.914763
-0.395288
0.280328
-0.586080
-0.424791
-0.003176
-0.645917
0.511420
0.540995
4.851438
-2.502527
-2.178101
-3.923704
1.917025
2.247346
-1.766623
-1.011587
-1.233507
-2.023606
1.782709
-2.024486
5.279463
3.850448
-0.266439
0.999713
-3.702898
4.006125
1.085892
-0.327753
0.074909
0.986036
-0.719578
1.049718
1.061033
1.198228
1.490750
0.961558
0.627366
0.491031
2.566681
-2.507492
-2.274015
2.526961
-3.859165
-0.266932
4.484020
1.313231
-0.008284
-0.703603
-0.794164
0.781544
-3.868391
2.350382
-3.217568
-3.510685
5.986518
4.634484
-2.629046
0.016299
1.867567
4.339824
-5.152286
-4.744524
-3.454762
2.061146
-1.575860
-0.131506
0.846476
-3.160968
-0.398942
-1.884941
0.950967
-2.996692
-0.788301
-1.591126
0.164339
-1.119583
5.969449
1.209420
-1.993550
1.655815
1.917388
1.853995
3.059721
-3.249108
-3.600338
1.569609
-1.803417
-0.470251
-1.254188
-0.591391
0.433096
-1.861189
-2.277900
-2.973945
-3.332011
0.080594
-2.141431
-2.380846
1.157242
-0.658892
-0.052313
0.416744
0.038989
0.207187
-0.471318
0.131813
0.245648
0.348797
0.025589
-0.099130
0.229132
-0.121626
-0.462547
3.533935
-1.596498
-0.537066
1.742108
-4.059885
1.388686
0.439445
1.532675
6.223079
-1.574927
-4.769268
-2.700944
-2.375199
0.542758
-0.233185
-0.249407
-1.730389
-3.450185
-4.892873
-2.108347
-1.832161
-2.260575
-0.634258
-1.795347
-1.807973
-1.243233
0.314776
-0.011008
0.151941
1.417136
0.540108
3.013963
-1.279987
2.980487
2.939668
5.221273
1.845677
-2.463166
2.286830
-4.817818
-4.320744
1.208841
-4.962932
1.519206
0.902690
6.904299
-6.332322
2.149889
1.409394
-1.794885
2.255949
-0.169626
-2.446327
-0.228882
-0.636438
-1.476263
2.862529
-1.439556
3.194998
2.360775
4.174238
1.734167
-3.875927
3.587955
1.425419
0.214729
2.696732
-1.187655
-3.208774
-4.659787
-2.744359
-3.025943
2.608686
2.000924
5.982787
11.918123
-2.395022
0.387214
2.232230
-2.117773
0.575000
-0.226824
2.778411
-2.830443
1.075838
4.496379
-3.518091
-1.407006
1.046830
0.710738
1.160503
-1.504572
4.262896
-1.688120
0.493075
-1.744439
-0.252248
-2.547615
3.509675
1.186492
5.600627
-1.891691
-5.788082
-2.767329
3.511732
-5.972815
0.870394
-0.037580
-1.923994
-1.148893
2.943027
1.610010
-1.715959
-3.506026
-1.148507
-0.833105
6.340385
0.658033
-0.373241
-0.781773
-0.757272
0.550002
3.184933
9.143999
-1.976589
0.907163
0.701658
1.904291
0.024539
1.972186
-1.195122
