2.421743
3.569590
0.664228
-4.198736
-5.999892
-2.516471
-2.536908
0.153917
1.949946
1.294785
0.662618
0.101337
-0.004893
-0.618302
-0.234016
-7.919883
1.829076
-0.097222
-1.715842
0.752691
0.817661
-0.710049
-0.961449
0.526547
0.562615
-0.776558
-1.223834
1.671542
-0.542550
-0.421823
3.205033
4.851079
3.651131
1.139859
1.224683
-1.266989
-1.839640
0.401882
-2.347160
-2.767069
-0.492355
-0.107377
0.432317
-1.258345
6.645861
-5.071996
1.581504
0.104810
-0.387727
-0.925241
-0.774502
-0.280238
1.161008
-0.356929
-0.055739
-0.426225
0.871217
-0.625673
0.887685
-0.602473
4.203193
-3.515623
-1.001035
0.907231
2.352126
1.007850
4.311555
-2.430993
-3.016423
-0.885795
0.552263
-1.034220
-1.440007
-1.311867
1.462598
-4.853757
2.632167
-0.503653
0.231862
-0.608856
0.020965
-0.616752
-0.552276
1.610117
-0.698968
1.307262
-0.531159
-0.866362
0.771548
0.571491
-0.267858
-0.511904
0.341243
-0.053098
-0.111668
0.935055
-0.368192
-0.552149
0.364677
-0.298313
0.377906
0.408535
-0.777713
0.065364
0.290089
7.302667
6.187578
-1.351983
2.140812
-0.432488
2.395446
-0.476181
-1.063353
0.577568
-1.044216
-1.730354
0.311381
0.089349
-2.993148
-2.657339
-0.477144
-1.269015
0.396510
-0.961705
-0.374357
2.119224
-2.627052
1.396691
-0.308265
-0.901992
0.336426
-3.880655
-0.298357
6.060778
8.231064
-0.437937
-1.087156
1.374839
0.431920
-0.591395
1.534416
-0.409822
-0.360558
0.027869
-0.690380
1.179085
-0.873017
-0.035813
0.646888
-0.546511
0.043600
1.509371
0.122690
2.328050
-0.820878
-0.804807
1.070896
2.384377
-0.736049
-0.188726
1.808174
3.819413
-5.728754
-3.991493
4.032125
-1.007559
-2.697967
2.286303
2.380789
2.731219
0.523498
2.836694
-1.085010
-2.009534
-0.261429
0.884656
1.892231
-3.151937
-0.752961
-4.717671
-1.000845
0.174817
1.740311
-1.019570
0.955876
0.704503
0.137402
-0.941368
0.474583
-0.850004
0.570343
-0.147522
0.737017
-1.230381
0.395235
-1.565498
-1.892937
0.851972
0.455381
0.741860
1.086431
-0.059146
-0.473838
0.750344
-1.079800
1.561327
3.470378
-3.454784
0.605991
-1.255473
-1.293147
0.166747
-0.362547
0.413696
-0.350433
-0.032888
0.006261
0.026522
-0.019098
-0.179169
0.322907
-0.333599
-0.007659
0.687643
-0.514743
-3.303508
1.009781
1.246324
-0.916762
0.567932
-0.863213
-0.798131
0.329137
0.094816
-0.291953
-0.408642
-0.199560
0.235285
0.391409
0.636150
-2.155835
1.433378
0.979140
2.648344
-1.437234
-3.972890
-2.406845
-0.273062
0.719170
3.206774
-2.652944
-2.057554
1.355328
0.396066
3.163210
2.378924
-0.752167
1.244718
0.437480
0.357164
0.344146
0.420140
-1.107146
0.216207
-0.112727
0.642071
-0.885828
0.863484
-1.322229
0.834804
3.775001
2.949624
4.106970
-1.072676
-2.382719
-0.555097
-1.404611
2.806004
-1.176947
-0.783463
-1.400433
-1.932165
-1.004586
1.456883
0.388601
-11.952774
0.192582
-2.407953
-6.201026
1.126282
1.876180
1.793109
1.530869
-0.343634
-1.479092
-1.025237
0.845746
0.833077
-0.677916
-3.129642
6.224558
2.019524
-5.660300
-1.375490
-6.333443
1.824762
3.277672
-6.123871
1.038190
2.335873
5.096462
-3.161386
-1.400496
5.122288
5.217608
-8.422815
-3.894656
2.258870
-8.251678
2.389223
-1.429425
