3.514929
-0.878955
0.119608
0.374466
0.059423
0.361279
0.150178
0.131546
-0.261025
-0.141694
-0.054573
0.052773
0.027326
-0.170165
0.352641
-5.357497
-0.508373
0.645933
0.591129
0.627183
0.581414
0.682374
0.307858
-0.037204
0.246010
0.103623
0.042328
0.502468
0.040001
-0.381477
-4.148304
0.888435
0.076967
-0.661836
-0.337244
-0.236314
0.299151
-0.288366
0.281360
0.133470
0.275754
0.030864
-0.089334
-0.447912
0.165507
3.920821
-1.135559
-0.031863
0.696574
-0.047627
-0.289656
-0.413887
0.211607
0.741716
0.556292
0.338277
-0.102333
-0.139906
-0.361845
-0.027867
4.574113
-1.128677
-0.102783
0.448208
0.233651
0.132821
-0.122257
-0.007383
-0.098542
0.355891
-0.038494
0.402104
0.063878
-0.230250
-0.046565
-1.178565
-0.869243
0.155729
0.732663
0.356092
0.665656
0.242404
0.414831
-0.003420
-0.236866
-0.140054
-0.057782
0.061821
-0.017365
0.268590
0.862191
0.431791
-0.899296
-0.031565
0.147808
0.307671
-0.080011
-0.345999
0.169385
0.696665
0.728990
0.308722
0.610711
0.395029
0.292418
-2.532158
-0.523994
-0.383340
0.179650
-0.008652
-0.237726
-0.018087
0.083162
-0.251272
0.020128
0.347238
0.168907
0.461803
0.119856
-0.091415
2.462851
-1.311510
-0.316649
0.766297
-0.305779
0.037155
-0.058817
-0.468974
-0.790024
-0.079645
0.212727
0.517938
0.281885
0.859556
-0.138359
1.475978
-1.750999
-1.080066
0.490858
-0.275506
-0.064036
-0.006602
0.389828
-0.127269
0.148262
0.150585
0.005504
0.671238
0.452440
0.606881
2.186516
0.869129
-0.296006
-0.412612
-0.285785
-0.018781
-0.241716
0.128804
0.072188
0.125364
-0.302465
0.081206
-0.133956
0.139714
0.393041
1.242747
-0.427899
-0.445025
0.586871
0.176879
0.042306
-0.133784
0.573845
-0.332140
-0.349100
0.034981
0.042880
-0.305133
-0.152793
0.002563
-1.949149
-0.006871
-0.199123
-0.320538
-0.064432
-0.442820
-0.338626
0.155263
-0.087213
0.015433
-0.005211
-0.196110
0.206252
0.253437
0.056351
0.617153
-0.259024
0.061517
-0.387616
-0.109858
-0.109538
-0.261389
-0.308481
-0.279981
-0.127084
-0.634883
-0.373659
-0.236357
-0.273731
-0.420999
0.275992
0.285164
-0.413848
0.536261
0.330596
0.361313
0.318580
0.491264
0.132642
0.194252
0.209185
0.392234
0.320301
0.280464
-0.016983
2.663322
0.359664
-0.872175
0.212863
0.129969
0.686915
-0.016725
0.195265
0.118795
-0.046623
0.277812
0.204765
-0.038444
0.091245
-0.116681
-0.384331
-1.579589
0.984772
1.088841
0.449250
0.289964
-0.015735
-0.108316
-0.299912
0.019405
0.108422
-0.140391
-0.384526
-0.127265
-0.505436
-0.705924
0.703710
0.124609
0.370645
-0.025655
-0.187037
0.020040
-0.216912
0.196889
-0.132351
-0.340527
-0.141806
-0.169482
-0.156836
-0.220147
-1.000005
1.674373
0.240254
-0.296409
-0.006919
-0.189284
-0.189140
-0.152860
0.149008
0.193218
0.056090
-0.177826
0.296054
0.310105
0.065061
0.416306
-1.044284
-1.020141
0.553350
0.168725
0.255027
-0.015073
-0.394390
-0.430802
-0.610377
0.043619
0.084451
-0.165982
-0.237502
-0.133224
0.835750
-0.314503
-0.241477
0.124497
-0.039229
-0.013756
-0.032004
-0.123451
0.128956
0.117789
-0.173245
0.111534
-0.048962
-0.265575
-0.291233
-0.040197
-1.759519
0.773691
0.985259
0.022237
0.275523
0.681002
0.353606
0.048052
-0.185908
-0.163959
-0.046069
-0.345321
-0.383501
0.000640
0.118219
-0.720504
0.485148
-0.445153
-0.054601
-0.279865
-0.243237
-0.605030
-0.158299
-0.158054
-0.299099
-0.361748
-0.107285
-0.370279
-0.111523
2.260104
-0.448812
0.529963
0.153980
-0.159027
-0.387352
-0.308655
-0.212135
-0.268332
0.008357
-0.135695
-0.424271
0.003535
0.168843
-0.165584
3.755453
0.497932
-0.360612
0.157398
0.263419
0.435863
-0.069215
0.213153
0.233415
0.324655
0.204822
0.245511
0.093995
0.033147
0.129787
0.329897
1.002338
0.018857
-0.645210
-0.543650
-0.573334
-0.210482
-0.467015
0.161613
0.033753
0.124431
0.040633
-0.177711
0.092173
-0.151276
-2.362134
0.009893
0.233061
0.300491
0.617685
0.389501
0.394999
0.357555
0.159797
0.545364
0.421114
0.476269
0.330997
0.158946
0.230709
3.564830
-0.610612
0.823662
-0.233444
0.275033
-0.028973
-0.082081
0.168143
-0.087585
-0.084696
-0.178652
-0.178205
0.234534
-0.131606
-0.105347
6.435572
0.892463
0.691421
-0.187550
0.441705
0.543973
0.695737
0.410022
-0.045990
-0.190275
-0.279945
-0.416540
-0.377547
-0.292687
-0.223542
1.674475
1.226422
0.209234
-0.821393
0.044483
-0.078601
0.166791
-0.054245
0.275672
-0.116484
0.057701
-0.109702
-0.168266
-0.033154
0.285540
-1.558907
1.874335
1.049270
-3.402501
3.339574
2.356819
0.700184
1.137670
0.517084
2.053704
1.640862
-1.802641
1.635553
-1.897241
-0.090091
-1.138210
1.174019
-0.816458
-1.454074
-0.957512
0.777907
-0.091638
2.352558
0.273522
0.706581
0.639648
-1.685791
-0.973337
1.317704
0.304657
-1.022375
